octave:40> x =-1:0.01:1;
octave:41> y=x.^2
y =

 Columns 1 through 5:

   1.00000   0.98010   0.96040   0.94090   0.92160

 Columns 6 through 10:

   0.90250   0.88360   0.86490   0.84640   0.82810

 Columns 11 through 15:

   0.81000   0.79210   0.77440   0.75690   0.73960

 Columns 16 through 20:

   0.72250   0.70560   0.68890   0.67240   0.65610

 Columns 21 through 25:

   0.64000   0.62410   0.60840   0.59290   0.57760

 Columns 26 through 30:

   0.56250   0.54760   0.53290   0.51840   0.50410

 Columns 31 through 35:

   0.49000   0.47610   0.46240   0.44890   0.43560

 Columns 36 through 40:

   0.42250   0.40960   0.39690   0.38440   0.37210

 Columns 41 through 45:

   0.36000   0.34810   0.33640   0.32490   0.31360

 Columns 46 through 50:

   0.30250   0.29160   0.28090   0.27040   0.26010

 Columns 51 through 55:

   0.25000   0.24010   0.23040   0.22090   0.21160

 Columns 56 through 60:

   0.20250   0.19360   0.18490   0.17640   0.16810

 Columns 61 through 65:

   0.16000   0.15210   0.14440   0.13690   0.12960

 Columns 66 through 70:

   0.12250   0.11560   0.10890   0.10240   0.09610

 Columns 71 through 75:

   0.09000   0.08410   0.07840   0.07290   0.06760

 Columns 76 through 80:

   0.06250   0.05760   0.05290   0.04840   0.04410

 Columns 81 through 85:

   0.04000   0.03610   0.03240   0.02890   0.02560

 Columns 86 through 90:

   0.02250   0.01960   0.01690   0.01440   0.01210

 Columns 91 through 95:

   0.01000   0.00810   0.00640   0.00490   0.00360

 Columns 96 through 100:

   0.00250   0.00160   0.00090   0.00040   0.00010

 Columns 101 through 105:

   0.00000   0.00010   0.00040   0.00090   0.00160

 Columns 106 through 110:

   0.00250   0.00360   0.00490   0.00640   0.00810

 Columns 111 through 115:

   0.01000   0.01210   0.01440   0.01690   0.01960

 Columns 116 through 120:

   0.02250   0.02560   0.02890   0.03240   0.03610

 Columns 121 through 125:

   0.04000   0.04410   0.04840   0.05290   0.05760

 Columns 126 through 130:

   0.06250   0.06760   0.07290   0.07840   0.08410

 Columns 131 through 135:

   0.09000   0.09610   0.10240   0.10890   0.11560

 Columns 136 through 140:

   0.12250   0.12960   0.13690   0.14440   0.15210

 Columns 141 through 145:

   0.16000   0.16810   0.17640   0.18490   0.19360

 Columns 146 through 150:

   0.20250   0.21160   0.22090   0.23040   0.24010

 Columns 151 through 155:

   0.25000   0.26010   0.27040   0.28090   0.29160

 Columns 156 through 160:

   0.30250   0.31360   0.32490   0.33640   0.34810

 Columns 161 through 165:

   0.36000   0.37210   0.38440   0.39690   0.40960

 Columns 166 through 170:

   0.42250   0.43560   0.44890   0.46240   0.47610

 Columns 171 through 175:

   0.49000   0.50410   0.51840   0.53290   0.54760

 Columns 176 through 180:

   0.56250   0.57760   0.59290   0.60840   0.62410

 Columns 181 through 185:

   0.64000   0.65610   0.67240   0.68890   0.70560

 Columns 186 through 190:

   0.72250   0.73960   0.75690   0.77440   0.79210

 Columns 191 through 195:

   0.81000   0.82810   0.84640   0.86490   0.88360

 Columns 196 through 200:

   0.90250   0.92160   0.94090   0.96040   0.98010

 Column 201:

   1.00000

octave:42> z=x.^3;
octave:43> plot(x,y,'bo',5,x,z,'r+,5)
error: unterminated character string constant
parse error:

  syntax error

>>> plot(x,y,'bo',5,x,z,'r+,5)
                             ^

octave:43> plot(x,y,'bo',5,x,z,'r+',5)
octave:44> x(1:10,:)
error: A(I,J): row index out of bounds; value 10 out of bound 1
octave:44> x
x =

 Columns 1 through 5:

   -1.0000   -0.9900   -0.9800   -0.9700   -0.9600

 Columns 6 through 10:

   -0.9500   -0.9400   -0.9300   -0.9200   -0.9100

 Columns 11 through 15:

   -0.9000   -0.8900   -0.8800   -0.8700   -0.8600

 Columns 16 through 20:

   -0.8500   -0.8400   -0.8300   -0.8200   -0.8100

 Columns 21 through 25:

   -0.8000   -0.7900   -0.7800   -0.7700   -0.7600

 Columns 26 through 30:

   -0.7500   -0.7400   -0.7300   -0.7200   -0.7100

 Columns 31 through 35:

   -0.7000   -0.6900   -0.6800   -0.6700   -0.6600

 Columns 36 through 40:

   -0.6500   -0.6400   -0.6300   -0.6200   -0.6100

 Columns 41 through 45:

   -0.6000   -0.5900   -0.5800   -0.5700   -0.5600

 Columns 46 through 50:

   -0.5500   -0.5400   -0.5300   -0.5200   -0.5100

 Columns 51 through 55:

   -0.5000   -0.4900   -0.4800   -0.4700   -0.4600

 Columns 56 through 60:

   -0.4500   -0.4400   -0.4300   -0.4200   -0.4100

 Columns 61 through 65:

   -0.4000   -0.3900   -0.3800   -0.3700   -0.3600

 Columns 66 through 70:

   -0.3500   -0.3400   -0.3300   -0.3200   -0.3100

 Columns 71 through 75:

   -0.3000   -0.2900   -0.2800   -0.2700   -0.2600

 Columns 76 through 80:

   -0.2500   -0.2400   -0.2300   -0.2200   -0.2100

 Columns 81 through 85:

   -0.2000   -0.1900   -0.1800   -0.1700   -0.1600

 Columns 86 through 90:

   -0.1500   -0.1400   -0.1300   -0.1200   -0.1100

 Columns 91 through 95:

   -0.1000   -0.0900   -0.0800   -0.0700   -0.0600

 Columns 96 through 100:

   -0.0500   -0.0400   -0.0300   -0.0200   -0.0100

 Columns 101 through 105:

    0.0000    0.0100    0.0200    0.0300    0.0400

 Columns 106 through 110:

    0.0500    0.0600    0.0700    0.0800    0.0900

 Columns 111 through 115:

    0.1000    0.1100    0.1200    0.1300    0.1400

 Columns 116 through 120:

    0.1500    0.1600    0.1700    0.1800    0.1900

 Columns 121 through 125:

    0.2000    0.2100    0.2200    0.2300    0.2400

 Columns 126 through 130:

    0.2500    0.2600    0.2700    0.2800    0.2900

 Columns 131 through 135:

    0.3000    0.3100    0.3200    0.3300    0.3400

 Columns 136 through 140:

    0.3500    0.3600    0.3700    0.3800    0.3900

 Columns 141 through 145:

    0.4000    0.4100    0.4200    0.4300    0.4400

 Columns 146 through 150:

    0.4500    0.4600    0.4700    0.4800    0.4900

 Columns 151 through 155:

    0.5000    0.5100    0.5200    0.5300    0.5400

 Columns 156 through 160:

    0.5500    0.5600    0.5700    0.5800    0.5900

 Columns 161 through 165:

    0.6000    0.6100    0.6200    0.6300    0.6400

 Columns 166 through 170:

    0.6500    0.6600    0.6700    0.6800    0.6900

 Columns 171 through 175:

    0.7000    0.7100    0.7200    0.7300    0.7400

 Columns 176 through 180:

    0.7500    0.7600    0.7700    0.7800    0.7900

 Columns 181 through 185:

    0.8000    0.8100    0.8200    0.8300    0.8400

 Columns 186 through 190:

    0.8500    0.8600    0.8700    0.8800    0.8900

 Columns 191 through 195:

    0.9000    0.9100    0.9200    0.9300    0.9400

 Columns 196 through 200:

    0.9500    0.9600    0.9700    0.9800    0.9900

 Column 201:

    1.0000

octave:45> x=-1:0.1:1;
octave:46> x
x =

 Columns 1 through 5:

   -1.0000   -0.9000   -0.8000   -0.7000   -0.6000

 Columns 6 through 10:

   -0.5000   -0.4000   -0.3000   -0.2000   -0.1000

 Columns 11 through 15:

    0.0000    0.1000    0.2000    0.3000    0.4000

 Columns 16 through 20:

    0.5000    0.6000    0.7000    0.8000    0.9000

 Column 21:

    1.0000

octave:47> y=x.^2;
octave:48> y
y =

 Columns 1 through 5:

   1.00000   0.81000   0.64000   0.49000   0.36000

 Columns 6 through 10:

   0.25000   0.16000   0.09000   0.04000   0.01000

 Columns 11 through 15:

   0.00000   0.01000   0.04000   0.09000   0.16000

 Columns 16 through 20:

   0.25000   0.36000   0.49000   0.64000   0.81000

 Column 21:

   1.00000

octave:49> plot(x,y,'r+',5)
octave:50> z=x.^3
z =

 Columns 1 through 5:

  -1.00000  -0.72900  -0.51200  -0.34300  -0.21600

 Columns 6 through 10:

  -0.12500  -0.06400  -0.02700  -0.00800  -0.00100

 Columns 11 through 15:

   0.00000   0.00100   0.00800   0.02700   0.06400

 Columns 16 through 20:

   0.12500   0.21600   0.34300   0.51200   0.72900

 Column 21:

   1.00000

octave:51> plot(x,y,"rx",5,x,z,"bo",5)
octave:52> z
z =

 Columns 1 through 5:

  -1.00000  -0.72900  -0.51200  -0.34300  -0.21600

