# Created by Octave 3.8.0, Mon Mar 14 16:50:36 2016 MDT <dougwells@2011-Dougs-MBA.local>
# name: v
# type: matrix
# rows: 1
# columns: 10
 -14.13514867326784 -2.947488849311861 -7.209983969627788 -5.199249508572512 -7.484728996475928 -6.397009365136852 -7.101865890471668 -3.407999910744626 -13.41681153139893 -7.849888405104577


